# Blender 4.0.2
# www.blender.org
mtllib blocks.mtl
o Block_1
v -0.366025 0.000000 1.366025
v -0.366025 2.000000 1.366025
v -1.366025 0.000000 -0.366025
v -1.366025 2.000000 -0.366025
v 1.366025 0.000000 0.366025
v 1.366025 2.000000 0.366025
v 0.366025 0.000000 -1.366025
v 0.366025 2.000000 -1.366025
vn -0.8660 -0.0000 0.5000
vn -0.5000 -0.0000 -0.8660
vn 0.8660 -0.0000 -0.5000
vn 0.5000 -0.0000 0.8660
vn -0.0000 -1.0000 -0.0000
vn -0.0000 1.0000 -0.0000
vt 0.625000 0.000000
vt 0.375000 0.250000
vt 0.375000 0.000000
vt 0.625000 0.250000
vt 0.375000 0.500000
vt 0.625000 0.500000
vt 0.375000 0.750000
vt 0.625000 0.750000
vt 0.375000 1.000000
vt 0.125000 0.750000
vt 0.125000 0.500000
vt 0.875000 0.500000
vt 0.625000 1.000000
vt 0.875000 0.750000
s 0
f 2/1/1 3/2/1 1/3/1
f 4/4/2 7/5/2 3/2/2
f 8/6/3 5/7/3 7/5/3
f 6/8/4 1/9/4 5/7/4
f 7/5/5 1/10/5 3/11/5
f 4/12/6 6/8/6 8/6/6
f 2/1/1 4/4/1 3/2/1
f 4/4/2 8/6/2 7/5/2
f 8/6/3 6/8/3 5/7/3
f 6/8/4 2/13/4 1/9/4
f 7/5/5 5/7/5 1/10/5
f 4/12/6 2/14/6 6/8/6
o Block_3
v -0.616284 4.126756 1.496388 1.0000 1.0000 1.0000
v -0.247300 6.088877 1.614431 1.0000 1.0000 1.0000
v -0.898066 4.298419 -0.476207 1.0000 1.0000 1.0000
v -0.529082 6.260540 -0.358164 1.0000 1.0000 1.0000
v 1.329082 3.779460 1.188272 1.0000 1.0000 1.0000
v 1.698066 5.741580 1.306315 1.0000 1.0000 1.0000
v 1.047300 3.951123 -0.784323 1.0000 1.0000 1.0000
v 1.416284 5.913244 -0.666280 0.7647 0.6863 0.3882
vn -0.9727 0.1736 0.1541
vn -0.1409 0.0858 -0.9863
vn 0.9727 -0.1736 -0.1541
vn 0.1409 -0.0858 0.9863
vn -0.1845 -0.9811 -0.0590
vn 0.1845 0.9811 0.0590
vt 0.625000 0.000000
vt 0.375000 0.250000
vt 0.375000 0.000000
vt 0.625000 0.250000
vt 0.375000 0.500000
vt 0.625000 0.500000
vt 0.375000 0.750000
vt 0.625000 0.750000
vt 0.375000 1.000000
vt 0.125000 0.750000
vt 0.125000 0.500000
vt 0.875000 0.500000
vt 0.625000 1.000000
vt 0.875000 0.750000
s 0
f 10/15/7 11/16/7 9/17/7
f 12/18/8 15/19/8 11/16/8
f 16/20/9 13/21/9 15/19/9
f 14/22/10 9/23/10 13/21/10
f 15/19/11 9/24/11 11/25/11
f 12/26/12 14/22/12 16/20/12
f 10/15/7 12/18/7 11/16/7
f 12/18/8 16/20/8 15/19/8
f 16/20/9 14/22/9 13/21/9
f 14/22/10 10/27/10 9/23/10
f 15/19/11 13/21/11 9/24/11
f 12/26/12 10/28/12 14/22/12
o Block_2
v 0.075213 2.000000 1.341948
v 0.075213 4.000000 1.341948
v -1.791948 2.000000 0.625213
v -1.791948 4.000000 0.625213
v 0.791948 2.000000 -0.525213
v 0.791948 4.000000 -0.525213
v -1.075213 2.000000 -1.241948
v -1.075213 4.000000 -1.241948
vn -0.3584 -0.0000 0.9336
vn -0.9336 -0.0000 -0.3584
vn 0.3584 -0.0000 -0.9336
vn 0.9336 -0.0000 0.3584
vn -0.0000 -1.0000 -0.0000
vn -0.0000 1.0000 -0.0000
vt 0.625000 0.000000
vt 0.375000 0.250000
vt 0.375000 0.000000
vt 0.625000 0.250000
vt 0.375000 0.500000
vt 0.625000 0.500000
vt 0.375000 0.750000
vt 0.625000 0.750000
vt 0.375000 1.000000
vt 0.125000 0.750000
vt 0.125000 0.500000
vt 0.875000 0.500000
vt 0.625000 1.000000
vt 0.875000 0.750000
s 0
f 18/29/13 19/30/13 17/31/13
f 20/32/14 23/33/14 19/30/14
f 24/34/15 21/35/15 23/33/15
f 22/36/16 17/37/16 21/35/16
f 23/33/17 17/38/17 19/39/17
f 20/40/18 22/36/18 24/34/18
f 18/29/13 20/32/13 19/30/13
f 20/32/14 24/34/14 23/33/14
f 24/34/15 22/36/15 21/35/15
f 22/36/16 18/41/16 17/37/16
f 23/33/17 21/35/17 17/38/17
f 20/40/18 18/42/18 22/36/18
